// CivNexus6 CN6 - Exported from Blender for import to CivNexus6
skeleton
0 "Root" -1 0.00000000 0.00000000 0.00000000 0.00000000 0.00000000 0.00000000 1.00000000 1.00000000 0.00000000 0.00000000 0.00000000 0.00000000 1.00000000 0.00000000 0.00000000 0.00000000 0.00000000 1.00000000 0.00000000 0.00000000 0.00000000 0.00000000 1.00000000
1 "Pelvis" 0 5.90177917 -0.00002604 69.77774048 -0.50000006 -0.50000012 -0.50000000 0.50000000 -0.00000003 1.00000000 -0.00000004 -0.00000000 0.00000021 0.00000004 1.00000000 0.00000000 1.00000012 -0.00000000 -0.00000021 0.00000000 -69.77774811 -5.90177917 0.00004085 1.00000000
2 "LLeg" 1 -3.60236955 -3.25102997 9.49581146 -0.03504777 -0.99796075 -0.00652717 0.05294772 0.06912924 0.99746263 0.01672142 -0.00000000 0.10613351 0.00932716 -0.99429721 0.00000000 -0.99194592 0.07051054 -0.10522144 -0.00000000 64.45132446 -7.39865303 16.36037445 1.00000000
3 "RLeg" 1 -3.60237336 -3.25102806 -9.49581337 0.05262321 0.99709511 -0.00649642 0.05468095 0.10423525 0.99437690 -0.01871066 -0.00000000 -0.10972877 -0.00719954 -0.99393570 0.00000000 -0.98848099 0.10565619 0.10836121 0.00000000 64.09482574 -9.69604969 -16.55949974 1.00000000
4 "Spine1" 1 9.93576717 -0.82819384 0.00001139 -0.00000006 -0.00000063 -0.05199731 0.99864721 -0.10385397 0.99459255 0.00000014 -0.00000000 0.00000147 0.00000001 1.00000000 0.00000000 0.99459255 0.10385395 -0.00000147 -0.00000000 -78.75555420 -13.32471180 0.00012884 1.00000000
5 "LLegTwist01" 2 14.99999332 0.00000146 -0.00000196 0.00000004 -0.00000005 0.00000000 1.00000000 0.06912924 0.99746263 0.01672134 -0.00000000 0.10613339 0.00932709 -0.99429721 0.00000000 -0.99194592 0.07051053 -0.10522132 -0.00000000 49.45133209 -7.39865160 16.36036873 1.00000000
6 "LShin" 2 28.32455635 0.00000292 -0.00000261 -0.05810669 -0.00888564 -0.15090398 0.98679918 -0.22948174 0.96408546 0.13366912 0.00000000 0.06364106 0.15191686 -0.98633122 0.00000000 -0.97122943 -0.21784183 -0.09621947 -0.00000000 37.24537659 1.95266771 15.37901592 1.00000000
7 "RLegTwist01" 3 14.99999523 0.00000262 0.00000115 0.00000002 -0.00000004 0.00000004 1.00000000 0.10423533 0.99437690 -0.01871070 -0.00000000 -0.10972886 -0.00719956 -0.99393570 0.00000000 -0.98848099 0.10565628 0.10836128 0.00000000 49.09482574 -9.69605541 -16.55950546 1.00000000
8 "RShin" 3 28.32456017 0.00000376 0.00000365 0.05784255 0.00942284 -0.16050945 0.98529297 -0.21389444 0.96749300 -0.13493277 -0.00000000 -0.06487412 -0.15189287 -0.98626578 0.00000000 -0.97470027 -0.20220302 0.09525421 -0.00000000 37.59203339 0.38405624 -15.31123447 1.00000000
9 "Ribcage" 4 9.60486507 0.29249477 -0.00000533 -0.00000032 0.00000136 0.06743205 0.99772388 0.03092001 0.99952191 0.00000069 -0.00000000 -0.00000129 -0.00000065 1.00000000 0.00000000 0.99952185 -0.03092003 0.00000127 -0.00000000 -89.38915253 -1.60384464 -0.00011233 1.00000000
10 "LFoot" 6 28.27206230 0.00000215 -0.00000262 -0.06905839 -0.02481907 0.55287594 0.83002597 0.79453850 0.55634248 0.24327306 -0.00000000 0.19928651 0.13954481 -0.96994340 0.00000000 -0.57357728 0.81915128 0.00000177 -0.00000000 4.73460340 -9.64979839 14.32872581 1.00000000
11 "LShoulder" 9 16.47809601 -4.54331732 0.11796026 -0.01093306 -0.70702183 -0.01093322 0.70702279 0.00000057 1.00000000 -0.00000004 -0.00000000 1.00000012 -0.00000057 0.00000254 -0.00000000 0.00000270 -0.00000006 -1.00000000 0.00000000 -0.11822452 -0.33534318 105.90751648 1.00000000
12 "Lure" 9 0.00000975 -0.00000024 -0.00003014 0.00000000 -0.00000001 0.00000000 1.00000000 0.03092002 0.99952191 0.00000069 -0.00000000 -0.00000127 -0.00000065 1.00000000 0.00000000 0.99952185 -0.03092003 0.00000125 -0.00000000 -89.38916016 -1.60384393 -0.00008040 1.00000000
13 "Neck" 9 23.34296989 -2.78135967 0.00001536 0.00000045 -0.00000220 0.27667049 0.96096486 0.55767334 0.83006048 -0.00000151 -0.00000000 0.00000304 -0.00000022 1.00000000 -0.00000000 0.83006048 -0.55767334 -0.00000264 0.00000000 -94.84747314 60.94156265 0.00031818 1.00000000
14 "RFoot" 8 28.27207756 0.00000939 0.00000154 0.06849167 0.02404632 0.54625958 0.83446461 0.79454303 0.55634439 -0.24327499 -0.00000000 -0.19927886 -0.13953631 -0.96995771 0.00000000 -0.57357615 0.81915241 0.00000001 0.00000000 3.56717682 -10.46720219 -14.11226273 1.00000000
15 "RShoulder" 9 16.47809601 -4.54331732 -0.11791890 0.01093322 0.70702183 -0.01093315 0.70702279 -0.00000049 1.00000000 -0.00000008 -0.00000000 -1.00000012 -0.00000049 -0.00000000 0.00000000 0.00000016 0.00000006 1.00000000 -0.00000000 -0.11795756 -0.33535594 -105.90751648 1.00000000
16 "Head" 13 8.59554482 0.00000143 0.00000000 -0.00000037 0.00000139 -0.29149571 0.95657212 -0.00000003 1.00000000 0.00000001 -0.00000000 0.00000021 -0.00000001 1.00000000 0.00000000 1.00000000 0.00000003 -0.00000021 -0.00000000 -119.84944916 -7.10223722 0.00001551 1.00000000
17 "LArm" 11 19.90138054 -0.00001215 0.00005089 -0.03368342 -0.43034452 -0.16098709 0.88755417 -0.25677818 0.94589728 0.19835110 0.00000000 0.57777578 0.31476012 -0.75306135 0.00000000 -0.77475166 -0.07876723 -0.62734020 -0.00000000 70.57144928 1.72355437 81.44929504 1.00000000
18 "LToe1" 10 12.98035431 -1.60912061 -0.00000137 0.00000104 -0.00000046 0.30070662 0.95371670 0.96995318 -0.00000081 0.24327163 -0.00000000 0.24328414 0.00000028 -0.96994388 0.00000000 0.00000060 1.00000000 0.00000006 -0.00000000 -11.36644745 -1.85692453 14.32874775 1.00000000
19 "RArm" 15 19.90137863 0.00001333 -0.00000001 0.03368572 0.43034211 -0.16098784 0.88755500 -0.25677860 0.94589621 -0.19835602 -0.00000000 -0.57777721 -0.31476444 -0.75305849 0.00000000 -0.77475047 -0.07876368 0.62734199 -0.00000000 70.57131195 1.72308815 -81.44943237 1.00000000
20 "RToe1" 14 12.98036671 -1.60913813 0.00000502 -0.00000003 0.00000010 0.30070588 0.95371693 0.96995765 -0.00000059 -0.24327478 -0.00000000 -0.24327423 0.00000023 -0.96995771 0.00000000 0.00000059 1.00000000 0.00000001 -0.00000000 -12.79160595 -1.85691488 -14.11226845 1.00000000
21 "LArmTwist01" 17 -0.00000828 0.00000054 0.00000243 -0.00000001 -0.00000001 -0.00000003 1.00000000 -0.25677827 0.94589728 0.19835111 0.00000000 0.57777584 0.31476015 -0.75306141 0.00000000 -0.77475178 -0.07876726 -0.62734020 -0.00000000 70.57146454 1.72355485 81.44930267 1.00000000
22 "LForearm" 17 25.84453773 -0.00500512 -0.00815177 -0.01104931 -0.04415879 0.32786059 0.94362891 0.40072402 0.89106566 0.21312463 -0.00000000 0.58907330 -0.07241567 -0.80482846 0.00000000 -0.70172143 0.44806015 -0.55392188 -0.00000000 42.20650864 -30.33223534 77.05432129 1.00000000
23 "RArmTwist01" 19 0.00001136 0.00000042 -0.00000214 0.00000002 -0.00000005 0.00000003 1.00000000 -0.25677860 0.94589627 -0.19835605 -0.00000000 -0.57777733 -0.31476447 -0.75305849 0.00000000 -0.77475047 -0.07876362 0.62734210 -0.00000000 70.57130432 1.72308338 -81.44944000 1.00000000
24 "RForearm" 19 25.83695984 0.00009906 -0.00019121 0.01789180 0.04653784 0.32753164 0.94352382 0.40072444 0.88787979 -0.22602955 -0.00000000 -0.58907324 0.06073191 -0.80579442 0.00000000 -0.70172125 0.45604932 0.54736292 -0.00000000 42.20863342 -31.45509148 -76.59710693 1.00000000
25 "LForearmTwist01" 22 -0.00000191 0.00000262 0.00000072 -0.00000001 0.00000011 -0.00000014 1.00000000 0.40072373 0.89106578 0.21312471 -0.00000000 0.58907360 -0.07241551 -0.80482829 0.00000000 -0.70172143 0.44805995 -0.55392200 -0.00000000 42.20650482 -30.33222198 77.05432892 1.00000000
26 "LForearmTwist02" 22 -0.00000191 0.00000262 0.00000072 -0.00000001 0.00000011 -0.00000014 1.00000000 0.40072373 0.89106578 0.21312471 -0.00000000 0.58907360 -0.07241551 -0.80482829 0.00000000 -0.70172143 0.44805995 -0.55392200 -0.00000000 42.20650482 -30.33222198 77.05432892 1.00000000
27 "LHand" 22 23.77005386 0.00848603 0.00878680 -0.79103976 -0.01071173 -0.11913060 0.59995776 0.31989145 -0.38706100 0.86478502 -0.00000000 0.41930830 0.87632966 0.23712242 -0.00000000 -0.84961766 0.28675818 0.44262835 -0.00000000 37.24320602 -61.49412537 -45.03211975 1.00000000
28 "RForearmTwist01" 24 -0.00000358 0.00000548 -0.00000632 -0.00000000 -0.00000036 -0.00000014 1.00000000 0.40072405 0.88787997 -0.22602984 -0.00000000 -0.58907384 0.06073177 -0.80579406 0.00000000 -0.70172107 0.45604920 0.54736352 -0.00000000 42.20859528 -31.45508575 -76.59713745 1.00000000
29 "RForearmTwist02" 24 -0.00000358 0.00000548 -0.00000632 -0.00000000 -0.00000036 -0.00000014 1.00000000 0.40072405 0.88787997 -0.22602984 -0.00000000 -0.58907384 0.06073177 -0.80579406 0.00000000 -0.70172107 0.45604920 0.54736352 -0.00000000 42.20859528 -31.45508575 -76.59713745 1.00000000
30 "RHand" 24 23.77219582 0.00019908 0.00013095 0.78666687 0.00984711 -0.11920517 0.60568017 0.31989166 -0.38706106 -0.86478508 -0.00000000 -0.41930839 -0.87632984 0.23712248 0.00000000 -0.84961766 0.28675815 -0.44262844 0.00000000 37.24319458 -61.49413681 45.03213501 1.00000000
31 "Inven_L_Hand" 27 -0.00000489 -0.00000191 0.00000215 0.00000004 -0.00000002 0.00000010 1.00000000 0.31989142 -0.38706100 0.86478502 -0.00000000 0.41930848 0.87632960 0.23712234 -0.00000000 -0.84961760 0.28675839 0.44262844 -0.00000000 37.24319458 -61.49413681 -45.03212357 1.00000000
32 "Inven_R_Hand" 30 -0.00000226 0.00000155 0.00000334 -0.00000010 -0.00000021 -0.00000020 1.00000000 0.31989148 -0.38706076 -0.86478531 -0.00000000 -0.41930792 -0.87633008 0.23712248 0.00000000 -0.84961796 0.28675789 -0.44262800 0.00000000 37.24323654 -61.49412918 45.03210831 1.00000000
33 "LFinger11" 27 5.10763645 -3.43377757 4.11473560 0.61158091 -0.43336672 0.01493427 0.66176963 0.90893370 0.41557464 0.03372486 -0.00000000 -0.04523809 0.17870526 -0.98286223 0.00000000 -0.41447932 0.89183092 0.18123096 -0.00000000 20.59221840 -71.41706085 35.98160172 1.00000000
34 "LFinger21" 27 12.35886192 0.65997505 4.11659622 0.02062078 -0.04393860 -0.05173498 0.99748069 0.43155193 -0.31271696 0.84615070 -0.00000000 0.34369057 0.92424285 0.16628963 -0.00000000 -0.83405042 0.21905147 0.50633675 -0.00000000 26.97926140 -61.49063873 -48.87719727 1.00000000
35 "LFinger31" 27 12.75886917 2.17781806 -0.29566526 0.02863820 0.03821520 -0.09731650 0.99410713 0.31641516 -0.27369240 0.90828073 -0.00000000 0.22316383 0.95207965 0.20914738 -0.00000000 -0.92199773 0.13651806 0.36233073 -0.00000000 39.77776337 -59.78502274 -38.70956802 1.00000000
36 "RFinger11" 30 5.10764647 -3.43378186 -4.11472702 -0.61158144 0.43336660 0.01493423 0.66176921 0.90893340 0.41557521 -0.03372412 -0.00000000 0.04523842 -0.17870404 -0.98286265 0.00000000 -0.41447991 0.89183086 -0.18122999 0.00000000 20.59226608 -71.41699982 -35.98170471 1.00000000
37 "RFinger21" 30 12.35886955 0.65998316 -4.11658764 -0.02062124 0.04393855 -0.05173533 0.99748069 0.43155226 -0.31271589 -0.84615105 -0.00000000 -0.34368995 -0.92424339 0.16628891 0.00000000 -0.83405054 0.21905126 -0.50633645 0.00000000 26.97929192 -61.49068832 48.87714767 1.00000000
38 "RFinger31" 30 12.75887489 2.17782521 0.29567146 -0.02863840 -0.03821525 -0.09731676 0.99410713 0.31641531 -0.27369183 -0.90828091 -0.00000000 -0.22316329 -0.95208001 0.20914708 0.00000000 -0.92199767 0.13651769 -0.36233050 0.00000000 39.77778244 -59.78504181 38.70954514 1.00000000
39 "LFinger12" 33 4.81384754 -0.00000191 -0.00000185 0.00000018 0.00000022 -0.02851027 0.99959350 0.88376933 0.46670592 0.03372510 -0.00000000 -0.05534983 0.17583597 -0.98286247 0.00000000 -0.46463767 0.86675698 0.18123044 -0.00000000 19.82329369 -70.40161896 35.98163605 1.00000000
40 "LFinger22" 34 5.80790663 -0.00000858 -0.00000286 0.00000006 0.00000017 -0.19021732 0.98174202 0.51711851 -0.12890734 0.84615088 -0.00000000 -0.02637493 0.98572427 0.16628955 0.00000000 -0.85550743 -0.10830856 0.50633651 0.00000000 42.60535049 -49.13359070 -48.87718201 1.00000000
41 "LFinger32" 35 6.10160828 0.00000381 -0.00000048 -0.00000009 0.00000011 -0.19021641 0.98174220 0.39573827 -0.13571003 0.90828079 -0.00000000 -0.14857468 0.96653152 0.20914756 0.00000000 -0.90626550 -0.21771520 0.36233050 0.00000000 53.56812286 -42.88108444 -38.70956421 1.00000000
42 "RFinger12" 36 4.81384373 0.00000954 0.00000069 0.00000019 -0.00000031 -0.02851004 0.99959356 0.88376921 0.46670604 -0.03372485 -0.00000000 0.05534986 -0.17583546 -0.98286259 0.00000000 -0.46463779 0.86675692 -0.18123007 0.00000000 19.82329750 -70.40159607 -35.98169327 1.00000000
43 "RFinger22" 37 5.80791664 -0.00000572 0.00000191 0.00000022 0.00000015 -0.19021621 0.98174226 0.51711875 -0.12890774 -0.84615088 -0.00000000 0.02637335 -0.98572451 0.16628927 0.00000000 -0.85550749 -0.10830711 -0.50633675 -0.00000000 42.60523987 -49.13370132 48.87717819 1.00000000
44 "RFinger32" 38 6.10161591 0.00000501 0.00000000 -0.00000024 0.00000004 -0.19021626 0.98174226 0.39573836 -0.13570891 -0.90828091 -0.00000000 0.14857498 -0.96653181 0.20914660 0.00000000 -0.90626520 -0.21771498 -0.36233059 -0.00000000 53.56811905 -42.88114929 38.70952606 1.00000000
45 "LFinger13" 39 4.46862602 0.00000095 0.00000370 0.00000072 0.00000042 -0.06195977 0.99807864 0.81926078 0.57242841 0.03372506 -0.00000000 -0.07667159 0.16763879 -0.98286271 0.00000000 -0.56827199 0.80263513 0.18122882 -0.00000000 23.94410706 -67.96193695 35.98175049 1.00000000
46 "RFinger13" 42 4.46862984 0.00000286 -0.00000507 -0.00000081 -0.00000034 -0.06196037 0.99807864 0.81925988 0.57242954 -0.03372459 -0.00000000 0.07667189 -0.16763799 -0.98286289 0.00000000 -0.56827307 0.80263448 -0.18122837 0.00000000 23.94419479 -67.96187592 -35.98181534 1.00000000
meshes:1
mesh:"Builder_AncientA"
materials
"Builder_Ancient_Material"
vertices
9.98006535 17.75116539 82.47081757 -0.23342960 0.94248050 -0.23925130 0.00000000 0.00000000 0.00000000 0.00000000 0.00000000 0.00000000 0.29138371 0.77731980 0.00000000 1.00000000 0.00000000 0.00000000 4 9 1 4 4 4 4 4 187 50 18 0 0 0 0 0
13.85043430 17.42020798 82.48516846 0.33170030 0.93159760 -0.14866370 0.00000000 0.00000000 0.00000000 0.00000000 0.00000000 0.00000000 0.27612001 0.77311049 0.00000000 1.00000000 0.00000000 0.00000000 4 9 1 4 4 4 4 4 177 46 32 0 0 0 0 0
12.25082588 17.25728226 79.29350281 0.06695001 0.98737410 -0.14356200 0.00000000 0.00000000 0.00000000 0.00000000 0.00000000 0.00000000 0.27612001 0.79818000 0.00000000 1.00000000 0.00000000 0.00000000 4 1 9 4 4 4 4 4 137 103 15 0 0 0 0 0
8.39101982 -17.33522034 84.52616882 -0.10464900 -0.91582220 -0.38770910 0.00000000 0.00000000 0.00000000 0.00000000 0.00000000 0.00000000 0.05096800 0.75844701 0.00000000 1.00000000 0.00000000 0.00000000 4 9 1 4 4 4 4 4 178 74 3 0 0 0 0 0
13.68605900 -17.34185791 81.93314362 0.33928680 -0.93037810 -0.13885620 0.00000000 0.00000000 0.00000000 0.00000000 0.00000000 0.00000000 0.07745600 0.77311049 0.00000000 1.00000000 0.00000000 0.00000000 4 1 9 4 4 4 4 4 168 45 42 0 0 0 0 0
14.61175346 -17.04677010 85.72998810 0.32723700 -0.91653510 -0.22995500 0.00000000 0.00000000 0.00000000 0.00000000 0.00000000 0.00000000 0.07745600 0.74804100 0.00000000 1.00000000 0.00000000 0.00000000 4 9 1 4 4 4 4 4 174 77 4 0 0 0 0 0
10.42563343 -17.56334114 81.86991119 -0.26457350 -0.94368300 -0.19865370 0.00000000 0.00000000 0.00000000 0.00000000 0.00000000 0.00000000 0.06421199 0.77831350 0.00000000 1.00000000 0.00000000 0.00000000 4 9 1 4 4 4 4 4 177 43 35 0 0 0 0 0
0.20091884 -12.33108139 79.18433380 -0.74997810 -0.64997010 -0.12276700 0.00000000 0.00000000 0.00000000 0.00000000 0.00000000 0.00000000 0.11529700 0.27030200 0.00000000 1.00000000 0.00000000 0.00000000 1 4 4 4 4 4 4 4 130 125 0 0 0 0 0 0
10.42563343 -17.56334114 81.86991119 -0.26457350 -0.94368300 -0.19865370 0.00000000 0.00000000 0.00000000 0.00000000 0.00000000 0.00000000 0.07603700 0.27881598 0.00000000 1.00000000 0.00000000 0.00000000 4 9 1 4 4 4 4 4 177 43 35 0 0 0 0 0
-1.77274907 -13.49701405 83.36235046 -0.76090060 -0.58079010 -0.28933220 0.00000000 0.00000000 0.00000000 0.00000000 0.00000000 0.00000000 0.11293200 0.28874898 0.00000000 1.00000000 0.00000000 0.00000000 4 9 1 4 4 4 4 4 161 72 22 0 0 0 0 0
12.26255226 -17.25615311 79.28639221 0.07562798 -0.98694570 -0.14219200 0.00000000 0.00000000 0.00000000 0.00000000 0.00000000 0.00000000 0.07367200 0.26273400 0.00000000 1.00000000 0.00000000 0.00000000 4 1 9 4 4 4 4 4 137 103 15 0 0 0 0 0
-4.81778955 0.00057330 83.35079956 -0.95653610 0.00345989 -0.29159330 0.00000000 0.00000000 0.00000000 0.00000000 0.00000000 0.00000000 0.18455860 0.28415072 0.00000000 1.00000000 0.00000000 0.00000000 4 9 1 4 4 4 4 4 147 68 40 0 0 0 0 0
-4.10171509 -0.00012047 78.73654938 -0.99982390 0.00926900 -0.01631400 0.00000000 0.00000000 0.00000000 0.00000000 0.00000000 0.00000000 0.18737240 0.26353091 0.00000000 1.00000000 0.00000000 0.00000000 1 4 4 4 4 4 4 4 153 102 0 0 0 0 0 0
0.19983359 12.33110523 79.19238281 -0.73890180 0.66283880 -0.12111500 0.00000000 0.00000000 0.00000000 0.00000000 0.00000000 0.00000000 0.24017200 0.27030200 0.00000000 1.00000000 0.00000000 0.00000000 1 4 4 4 4 4 4 4 130 125 0 0 0 0 0 0
-1.63361239 13.93854713 83.32016754 -0.73660980 0.59825240 -0.31543650 0.00000000 0.00000000 0.00000000 0.00000000 0.00000000 0.00000000 0.24239630 0.28765142 0.00000000 1.00000000 0.00000000 0.00000000 4 9 1 4 4 4 4 4 162 72 21 0 0 0 0 0
9.98006535 17.75116539 82.47081757 -0.23342960 0.94248050 -0.23925130 0.00000000 0.00000000 0.00000000 0.00000000 0.00000000 0.00000000 0.27750319 0.27864897 0.00000000 1.00000000 0.00000000 0.00000000 4 9 1 4 4 4 4 4 187 50 18 0 0 0 0 0
12.25082588 17.25728226 79.29350281 0.06695001 0.98737410 -0.14356200 0.00000000 0.00000000 0.00000000 0.00000000 0.00000000 0.00000000 0.27801201 0.26084203 0.00000000 1.00000000 0.00000000 0.00000000 4 1 9 4 4 4 4 4 137 103 15 0 0 0 0 0
20.50884056 -14.50492764 83.43102264 0.66577340 -0.73188200 -0.14523970 0.00000000 0.00000000 0.00000000 0.00000000 0.00000000 0.00000000 0.10774100 0.76201400 0.00000000 1.00000000 0.00000000 0.00000000 4 9 1 4 4 4 4 4 172 72 11 0 0 0 0 0
21.66826630 -14.81739712 88.38475037 0.71561980 -0.68711680 -0.12553400 0.00000000 0.00000000 0.00000000 0.00000000 0.00000000 0.00000000 0.10775300 0.72773999 0.00000000 1.00000000 0.00000000 0.00000000 9 4 1 4 4 4 4 4 131 121 3 0 0 0 0 0
26.16785622 -7.28024197 84.77922058 0.90410470 -0.42085620 -0.07399233 0.00000000 0.00000000 0.00000000 0.00000000 0.00000000 0.00000000 0.14896449 0.75325400 0.00000000 1.00000000 0.00000000 0.00000000 4 9 1 4 4 4 4 4 147 98 10 0 0 0 0 0
26.07031441 -7.24670076 92.12303925 0.91643270 -0.39894580 -0.03151799 0.00000000 0.00000000 0.00000000 0.00000000 0.00000000 0.00000000 0.14753200 0.70817000 0.00000000 1.00000000 0.00000000 0.00000000 9 4 4 4 4 4 4 4 174 81 0 0 0 0 0 0
28.02601242 -0.00253309 85.17334747 0.99982350 -0.00025918 -0.01878703 0.00000000 0.00000000 0.00000000 0.00000000 0.00000000 0.00000000 0.17774500 0.75019050 0.00000000 1.00000000 0.00000000 0.00000000 4 9 1 4 4 4 4 4 143 106 6 0 0 0 0 0
27.16791153 -0.00371203 93.29057312 0.99995520 -0.00048100 0.00945700 0.00000000 0.00000000 0.00000000 0.00000000 0.00000000 0.00000000 0.17773400 0.70168599 0.00000000 1.00000000 0.00000000 0.00000000 9 4 4 4 4 4 4 4 175 80 0 0 0 0 0 0
26.09874916 7.25529528 92.12320709 0.91789110 0.39571200 -0.02979700 0.00000000 0.00000000 0.00000000 0.00000000 0.00000000 0.00000000 0.20704600 0.70816299 0.00000000 1.00000000 0.00000000 0.00000000 9 4 11 4 4 4 4 4 175 79 1 0 0 0 0 0
26.17100906 7.31786346 84.79250336 0.90384380 0.42155230 -0.07321168 0.00000000 0.00000000 0.00000000 0.00000000 0.00000000 0.00000000 0.20609599 0.75315450 0.00000000 1.00000000 0.00000000 0.00000000 4 9 1 4 4 4 4 4 147 100 8 0 0 0 0 0
21.50938606 15.30687809 89.47128296 0.71526370 0.68771670 -0.12427190 0.00000000 0.00000000 0.00000000 0.00000000 0.00000000 0.00000000 0.24595000 0.72860301 0.00000000 1.00000000 0.00000000 0.00000000 9 4 1 4 4 4 4 4 138 115 2 0 0 0 0 0
20.56768036 14.56167889 83.42225647 0.66808930 0.72922830 -0.14792880 0.00000000 0.00000000 0.00000000 0.00000000 0.00000000 0.00000000 0.24589901 0.76339149 0.00000000 1.00000000 0.00000000 0.00000000 4 9 1 4 4 4 4 4 176 71 8 0 0 0 0 0
14.56836796 17.41935730 86.69242859 0.32142100 0.91900710 -0.22828600 0.00000000 0.00000000 0.00000000 0.00000000 0.00000000 0.00000000 0.27612001 0.74804100 0.00000000 1.00000000 0.00000000 0.00000000 4 9 1 4 4 4 4 4 168 85 2 0 0 0 0 0
14.28044987 20.77316475 95.44403839 0.36876310 0.89788320 -0.24045700 0.00000000 0.00000000 0.00000000 0.00000000 0.00000000 0.00000000 0.29125699 0.67519701 0.00000000 1.00000000 0.00000000 0.00000000 9 17 17 17 17 17 17 17 254 1 0 0 0 0 0 0
19.47568321 19.23670769 99.38423920 0.78533320 0.61807310 0.03517701 0.00000000 0.00000000 0.00000000 0.00000000 0.00000000 0.00000000 0.26476800 0.65627700 0.00000000 1.00000000 0.00000000 0.00000000 9 9 9 9 9 9 9 9 255 0 0 0 0 0 0 0
14.28672791 -20.79067993 95.43929291 0.37428310 -0.89503320 -0.24254410 0.00000000 0.00000000 0.00000000 0.00000000 0.00000000 0.00000000 0.06421200 0.67519701 0.00000000 1.00000000 0.00000000 0.00000000 9 19 19 19 19 19 19 19 254 1 0 0 0 0 0 0
19.47542953 -19.23701286 99.38279724 0.78702710 -0.61601010 0.03346501 0.00000000 0.00000000 0.00000000 0.00000000 0.00000000 0.00000000 0.09070100 0.65627700 0.00000000 1.00000000 0.00000000 0.00000000 9 9 9 9 9 9 9 9 255 0 0 0 0 0 0 0
-10.41845322 -14.50495434 92.90807343 -0.88193170 -0.18617890 -0.43305190 0.00000000 0.00000000 0.00000000 0.00000000 0.00000000 0.00000000 0.11908100 0.37058002 0.00000000 1.00000000 0.00000000 0.00000000 9 4 15 15 15 15 15 15 196 49 10 0 0 0 0 0
-4.04880905 -13.82938099 87.09091949 -0.66394670 -0.47219680 -0.57983180 0.00000000 0.00000000 0.00000000 0.00000000 0.00000000 0.00000000 0.11056700 0.30719602 0.00000000 1.00000000 0.00000000 0.00000000 4 9 1 4 4 4 4 4 131 123 1 0 0 0 0 0
-5.65144825 -19.52615738 92.67591095 -0.45899210 -0.78111610 -0.42330110 0.00000000 0.00000000 0.00000000 0.00000000 0.00000000 0.00000000 0.09448500 0.36111999 0.00000000 1.00000000 0.00000000 0.00000000 9 9 9 9 9 9 9 9 255 0 0 0 0 0 0 0
-3.98037076 14.45526505 87.19030762 -0.66381680 0.47337090 -0.57902280 0.00000000 0.00000000 0.00000000 0.00000000 0.00000000 0.00000000 0.24490200 0.30719602 0.00000000 1.00000000 0.00000000 0.00000000 4 9 1 4 4 4 4 4 131 123 1 0 0 0 0 0
4.81800890 21.83407784 92.91599274 -0.04824698 0.92378460 -0.37986080 0.00000000 0.00000000 0.00000000 0.00000000 0.00000000 0.00000000 0.29504099 0.34030700 0.00000000 1.00000000 0.00000000 0.00000000 9 17 17 17 17 17 17 17 254 1 0 0 0 0 0 0
7.77648258 18.10900116 85.96916962 -0.10465200 0.91622100 -0.38676500 0.00000000 0.00000000 0.00000000 0.00000000 0.00000000 0.00000000 0.27706599 0.29395199 0.00000000 1.00000000 0.00000000 0.00000000 4 9 1 4 4 4 4 4 162 91 2 0 0 0 0 0
-5.65364552 19.52902985 92.67600250 -0.45840080 0.78188170 -0.42252780 0.00000000 0.00000000 0.00000000 0.00000000 0.00000000 0.00000000 0.26098400 0.36111999 0.00000000 1.00000000 0.00000000 0.00000000 9 17 17 17 17 17 17 17 254 1 0 0 0 0 0 0
23.13591003 0.00000133 104.87870026 0.92653150 -0.00011700 0.37621720 0.00000000 0.00000000 0.00000000 0.00000000 0.00000000 0.00000000 0.17773400 0.63546500 0.00000000 1.00000000 0.00000000 0.00000000 9 13 9 9 9 9 9 9 251 4 0 0 0 0 0 0
22.45502853 8.75160789 105.44010162 0.86596430 0.28341310 0.41204710 0.00000000 0.00000000 0.00000000 0.00000000 0.00000000 0.00000000 0.21179099 0.63168100 0.00000000 1.00000000 0.00000000 0.00000000 9 13 11 9 9 9 9 9 244 8 3 0 0 0 0 0
16.58443451 8.77204227 110.17120361 0.71011070 0.27316190 0.64894170 0.00000000 0.00000000 0.00000000 0.00000000 0.00000000 0.00000000 0.21239799 0.59395900 0.00000000 1.00000000 0.00000000 0.00000000 9 13 11 9 9 9 9 9 206 39 10 0 0 0 0 0
16.13005447 -21.08486366 99.91413879 0.71797300 -0.69494500 -0.03957700 0.00000000 0.00000000 0.00000000 0.00000000 0.00000000 0.00000000 0.07293700 0.64805201 0.00000000 1.00000000 0.00000000 0.00000000 9 19 19 19 19 19 19 19 253 2 0 0 0 0 0 0
14.67338562 -23.42692566 104.88739777 0.91597040 -0.16213510 0.36702920 0.00000000 0.00000000 0.00000000 0.00000000 0.00000000 0.00000000 0.06335200 0.60800499 0.00000000 1.00000000 0.00000000 0.00000000 9 19 19 19 19 19 19 19 248 7 0 0 0 0 0 0
15.15807724 -23.28725052 99.93032837 0.92244200 -0.35871100 -0.14292400 0.00000000 0.00000000 0.00000000 0.00000000 0.00000000 0.00000000 0.05517400 0.63982701 0.00000000 1.00000000 0.00000000 0.00000000 9 19 19 19 19 19 19 19 251 4 0 0 0 0 0 0
15.21897697 -20.88758469 105.04840088 0.78503520 -0.48698610 0.38283710 0.00000000 0.00000000 0.00000000 0.00000000 0.00000000 0.00000000 0.07986400 0.61322099 0.00000000 1.00000000 0.00000000 0.00000000 9 19 19 19 19 19 19 19 252 3 0 0 0 0 0 0
16.10780334 21.05999184 99.91687775 0.71061870 0.70249970 -0.03892798 0.00000000 0.00000000 0.00000000 0.00000000 0.00000000 0.00000000 0.28134501 0.64805099 0.00000000 1.00000000 0.00000000 0.00000000 9 17 17 17 17 17 17 17 246 9 0 0 0 0 0 0
17.67580795 18.49259949 105.40679932 0.78770300 0.45979700 0.41001300 0.00000000 0.00000000 0.00000000 0.00000000 0.00000000 0.00000000 0.25909200 0.61843601 0.00000000 1.00000000 0.00000000 0.00000000 9 11 9 9 9 9 9 9 193 62 0 0 0 0 0 0
15.21094418 20.88089371 105.05529785 0.78473760 0.49110980 0.37815080 0.00000000 0.00000000 0.00000000 0.00000000 0.00000000 0.00000000 0.27452701 0.61327600 0.00000000 1.00000000 0.00000000 0.00000000 9 11 17 17 17 17 17 17 159 90 6 0 0 0 0 0
11.35363579 -17.30171776 111.68029785 0.54677980 -0.36225380 0.75485370 0.00000000 0.00000000 0.00000000 0.00000000 0.00000000 0.00000000 0.10394500 0.57113501 0.00000000 1.00000000 0.00000000 0.00000000 9 9 9 9 9 9 9 9 255 0 0 0 0 0 0 0
10.17282963 -20.43227196 110.77880096 0.52067820 -0.34827710 0.77948530 0.00000000 0.00000000 0.00000000 0.00000000 0.00000000 0.00000000 0.08761200 0.56919599 0.00000000 1.00000000 0.00000000 0.00000000 9 9 9 9 9 9 9 9 255 0 0 0 0 0 0 0
17.67580795 -18.49259949 105.40679932 0.78708310 -0.45948800 0.41154700 0.00000000 0.00000000 0.00000000 0.00000000 0.00000000 0.00000000 0.09637700 0.61843601 0.00000000 1.00000000 0.00000000 0.00000000 9 9 9 9 9 9 9 9 255 0 0 0 0 0 0 0
11.38484764 17.32793236 111.70580292 0.55083880 0.35942590 0.75325270 0.00000000 0.00000000 0.00000000 0.00000000 0.00000000 0.00000000 0.25152400 0.57113501 0.00000000 1.00000000 0.00000000 0.00000000 9 11 13 9 9 9 9 9 147 77 31 0 0 0 0 0
10.19978046 20.43711281 110.80809784 0.52283310 0.35513310 0.77493610 0.00000000 0.00000000 0.00000000 0.00000000 0.00000000 0.00000000 0.26771399 0.56841099 0.00000000 1.00000000 0.00000000 0.00000000 9 11 9 9 9 9 9 9 137 118 0 0 0 0 0 0
-0.70546395 -20.33954430 116.20749664 -0.01217800 -0.30018300 0.95380390 0.00000000 0.00000000 0.00000000 0.00000000 0.00000000 0.00000000 0.09594200 0.51611000 0.00000000 1.00000000 0.00000000 0.00000000 15 9 13 15 15 15 15 15 176 77 2 0 0 0 0 0
10.28314400 -23.75330925 110.92790222 0.56117090 -0.05724699 0.82571790 0.00000000 0.00000000 0.00000000 0.00000000 0.00000000 0.00000000 0.07128000 0.56725600 0.00000000 1.00000000 0.00000000 0.00000000 15 19 15 15 15 15 15 15 253 2 0 0 0 0 0 0
-1.35500932 -23.68288612 115.47540283 -0.03959999 0.01947500 0.99902580 0.00000000 0.00000000 0.00000000 0.00000000 0.00000000 0.00000000 0.07976000 0.51384401 0.00000000 1.00000000 0.00000000 0.00000000 15 9 19 15 15 15 15 15 226 28 1 0 0 0 0 0
-0.73984712 20.38822174 116.28060150 -0.01963800 0.30880100 0.95092390 0.00000000 0.00000000 0.00000000 0.00000000 0.00000000 0.00000000 0.25920200 0.51629400 0.00000000 1.00000000 0.00000000 0.00000000 11 9 13 17 17 17 17 17 170 68 16 1 0 0 0 0
-0.59074879 17.16419601 117.51750183 -0.16267510 0.27494410 0.94759830 0.00000000 0.00000000 0.00000000 0.00000000 0.00000000 0.00000000 0.24212900 0.51827300 0.00000000 1.00000000 0.00000000 0.00000000 11 9 13 9 9 9 9 9 116 113 26 0 0 0 0 0
-10.81247139 -19.14617538 110.67449951 -0.80107370 -0.17039590 0.57379980 0.00000000 0.00000000 0.00000000 0.00000000 0.00000000 0.00000000 0.09955400 0.46913201 0.00000000 1.00000000 0.00000000 0.00000000 15 9 15 15 15 15 15 15 173 82 0 0 0 0 0 0
-12.38936234 -21.98951530 110.69740295 -0.79513640 0.26118420 0.54730330 0.00000000 0.00000000 0.00000000 0.00000000 0.00000000 0.00000000 0.08570400 0.46551502 0.00000000 1.00000000 0.00000000 0.00000000 15 9 19 15 15 15 15 15 184 64 7 0 0 0 0 0
-11.76985741 16.24690819 111.60379791 -0.86836330 0.11001900 0.48357110 0.00000000 0.00000000 0.00000000 0.00000000 0.00000000 0.00000000 0.24206400 0.47275001 0.00000000 1.00000000 0.00000000 0.00000000 11 9 9 9 9 9 9 9 139 116 0 0 0 0 0 0
-10.67714024 19.10583496 110.61849976 -0.80558600 0.17506600 0.56602400 0.00000000 0.00000000 0.00000000 0.00000000 0.00000000 0.00000000 0.25598300 0.46911401 0.00000000 1.00000000 0.00000000 0.00000000 11 9 9 9 9 9 9 9 174 81 0 0 0 0 0 0
-2.09280825 -21.35345459 94.86968994 -0.47637200 -0.52957900 -0.70186600 0.00000000 0.00000000 0.00000000 0.00000000 0.00000000 0.00000000 0.07178000 0.36868799 0.00000000 1.00000000 0.00000000 0.00000000 9 19 19 19 19 19 19 19 245 10 0 0 0 0 0 0
-12.68239021 -20.21526909 100.82749939 -0.97222120 0.09154101 -0.21542100 0.00000000 0.00000000 0.00000000 0.00000000 0.00000000 0.00000000 0.08694500 0.41351902 0.00000000 1.00000000 0.00000000 0.00000000 9 19 19 19 19 19 19 19 248 7 0 0 0 0 0 0
-12.09382820 -18.04446983 101.61450195 -0.95880670 -0.26161390 -0.11067000 0.00000000 0.00000000 0.00000000 0.00000000 0.00000000 0.00000000 0.10017500 0.41711903 0.00000000 1.00000000 0.00000000 0.00000000 9 9 9 9 9 9 9 9 255 0 0 0 0 0 0 0
-3.81631541 -20.81649590 93.90415192 -0.57631020 -0.71668620 -0.39271810 0.00000000 0.00000000 0.00000000 0.00000000 0.00000000 0.00000000 0.08313300 0.36490399 0.00000000 1.00000000 0.00000000 0.00000000 9 19 19 19 19 19 19 19 249 6 0 0 0 0 0 0
-12.08089066 18.04803467 101.62529755 -0.95697490 0.27085900 -0.10408900 0.00000000 0.00000000 0.00000000 0.00000000 0.00000000 0.00000000 0.25582901 0.41755700 0.00000000 1.00000000 0.00000000 0.00000000 9 9 9 9 9 9 9 9 255 0 0 0 0 0 0 0
-13.34902477 15.60717869 102.02359772 -0.99391340 0.10439900 0.03517301 0.00000000 0.00000000 0.00000000 0.00000000 0.00000000 0.00000000 0.24206400 0.42071903 0.00000000 1.00000000 0.00000000 0.00000000 9 11 4 4 4 4 4 4 183 70 2 0 0 0 0 0
-3.81032896 20.81843758 93.91060638 -0.57238420 0.72086320 -0.39081020 0.00000000 0.00000000 0.00000000 0.00000000 0.00000000 0.00000000 0.27233601 0.36490399 0.00000000 1.00000000 0.00000000 0.00000000 9 17 17 17 17 17 17 17 254 1 0 0 0 0 0 0
4.53572941 -21.55118752 94.14463043 -0.00081600 -0.87727370 -0.47998980 0.00000000 0.00000000 0.00000000 0.00000000 0.00000000 0.00000000 0.05664400 0.34882098 0.00000000 1.00000000 0.00000000 0.00000000 9 19 19 19 19 19 19 19 252 3 0 0 0 0 0 0
4.76689863 -22.88451195 94.34953308 0.12268700 -0.42054990 -0.89893590 0.00000000 0.00000000 0.00000000 0.00000000 0.00000000 0.00000000 0.05286000 0.35544300 0.00000000 1.00000000 0.00000000 0.00000000 9 19 19 19 19 19 19 19 249 6 0 0 0 0 0 0
4.52088165 21.54616165 94.15985870 0.00039200 0.87876980 -0.47724580 0.00000000 0.00000000 0.00000000 0.00000000 0.00000000 0.00000000 0.29882500 0.34787500 0.00000000 1.00000000 0.00000000 0.00000000 9 17 17 17 17 17 17 17 253 2 0 0 0 0 0 0
12.27757263 -22.10292435 95.94833374 0.45301720 -0.78237440 -0.42739420 0.00000000 0.00000000 0.00000000 0.00000000 0.00000000 0.00000000 0.05191400 0.67330500 0.00000000 1.00000000 0.00000000 0.00000000 9 19 19 19 19 19 19 19 253 2 0 0 0 0 0 0
4.81781101 -21.86050606 92.91301727 -0.04864002 -0.92323030 -0.38115610 0.00000000 0.00000000 0.00000000 0.00000000 0.00000000 0.00000000 0.02447900 0.70168599 0.00000000 1.00000000 0.00000000 0.00000000 9 19 19 19 19 19 19 19 253 2 0 0 0 0 0 0
4.53572941 -21.55118752 94.14463043 -0.00081600 -0.87727370 -0.47998980 0.00000000 0.00000000 0.00000000 0.00000000 0.00000000 0.00000000 0.02069500 0.69411799 0.00000000 1.00000000 0.00000000 0.00000000 9 19 19 19 19 19 19 19 252 3 0 0 0 0 0 0
4.52088165 21.54616165 94.15985870 0.00039200 0.87876980 -0.47724580 0.00000000 0.00000000 0.00000000 0.00000000 0.00000000 0.00000000 0.33477300 0.69506401 0.00000000 1.00000000 0.00000000 0.00000000 9 17 17 17 17 17 17 17 253 2 0 0 0 0 0 0
11.71719074 22.78353882 95.98980713 0.51751980 0.30545290 -0.79929460 0.00000000 0.00000000 0.00000000 0.00000000 0.00000000 0.00000000 0.31396100 0.67141300 0.00000000 1.00000000 0.00000000 0.00000000 9 17 17 17 17 17 17 17 254 1 0 0 0 0 0 0
12.25740910 22.06267929 95.96571350 0.44304690 0.79336780 -0.41746490 0.00000000 0.00000000 0.00000000 0.00000000 0.00000000 0.00000000 0.30260900 0.67330500 0.00000000 1.00000000 0.00000000 0.00000000 9 17 17 17 17 17 17 17 254 1 0 0 0 0 0 0
4.73008537 22.90593910 94.38220978 0.11823100 0.44161600 -0.88938000 0.00000000 0.00000000 0.00000000 0.00000000 0.00000000 0.00000000 0.33855700 0.68654999 0.00000000 1.00000000 0.00000000 0.00000000 9 17 17 17 17 17 17 17 245 10 0 0 0 0 0 0
-13.35144520 -15.60322762 102.01719666 -0.99440650 -0.10015500 0.03353798 0.00000000 0.00000000 0.00000000 0.00000000 0.00000000 0.00000000 0.11340500 0.42071903 0.00000000 1.00000000 0.00000000 0.00000000 9 15 4 15 15 15 15 15 183 70 2 0 0 0 0 0
-11.90390301 -16.28299141 111.66130066 -0.86758640 -0.10632300 0.48578720 0.00000000 0.00000000 0.00000000 0.00000000 0.00000000 0.00000000 0.11340500 0.47275001 0.00000000 1.00000000 0.00000000 0.00000000 15 9 15 15 15 15 15 15 138 117 0 0 0 0 0 0
-12.22908211 21.93892288 110.63120270 -0.79915440 -0.25529910 0.54421930 0.00000000 0.00000000 0.00000000 0.00000000 0.00000000 0.00000000 0.26990199 0.46547800 0.00000000 1.00000000 0.00000000 0.00000000 11 9 17 17 17 17 17 17 186 62 7 0 0 0 0 0
-12.65388966 20.22029686 100.84249878 -0.97422490 -0.07752999 -0.21183700 0.00000000 0.00000000 0.00000000 0.00000000 0.00000000 0.00000000 0.26959500 0.41439599 0.00000000 1.00000000 0.00000000 0.00000000 9 11 17 4 4 4 4 4 150 83 13 9 0 0 0 0
15.10720444 23.23168373 99.93473816 0.91716570 0.37196990 -0.14298800 0.00000000 0.00000000 0.00000000 0.00000000 0.00000000 0.00000000 0.29792199 0.63982499 0.00000000 1.00000000 0.00000000 0.00000000 9 17 17 17 17 17 17 17 243 12 0 0 0 0 0 0
25.18140984 -6.84292746 77.52047729 0.89600550 -0.43124480 -0.10583990 0.00000000 0.00000000 0.00000000 0.00000000 0.00000000 0.00000000 0.15039700 0.79833800 0.00000000 1.00000000 0.00000000 0.00000000 1 4 9 4 4 4 4 4 133 107 15 0 0 0 0 0
27.26260567 0.00001995 77.08445740 0.99469400 0.00011400 -0.10287800 0.00000000 0.00000000 0.00000000 0.00000000 0.00000000 0.00000000 0.17775600 0.79869500 0.00000000 1.00000000 0.00000000 0.00000000 1 4 3 4 4 4 4 4 147 107 1 0 0 0 0 0
25.15582085 6.91404533 77.54474640 0.89591210 0.43079210 -0.10844200 0.00000000 0.00000000 0.00000000 0.00000000 0.00000000 0.00000000 0.20514600 0.79814599 0.00000000 1.00000000 0.00000000 0.00000000 1 4 9 4 4 4 4 4 130 109 16 0 0 0 0 0
25.85747528 -8.53400230 97.67120361 0.92610110 -0.35922110 0.11531200 0.00000000 0.00000000 0.00000000 0.00000000 0.00000000 0.00000000 0.14264201 0.67511600 0.00000000 1.00000000 0.00000000 0.00000000 9 4 15 15 15 15 15 15 209 40 6 0 0 0 0 0
26.45385933 0.00000133 98.30441284 0.97588430 -0.00039800 0.21828810 0.00000000 0.00000000 0.00000000 0.00000000 0.00000000 0.00000000 0.17771600 0.67200899 0.00000000 1.00000000 0.00000000 0.00000000 9 4 4 4 4 4 4 4 207 48 0 0 0 0 0 0
25.86198425 8.53570461 97.67442322 0.92616500 0.35825500 0.11777800 0.00000000 0.00000000 0.00000000 0.00000000 0.00000000 0.00000000 0.21080600 0.67511401 0.00000000 1.00000000 0.00000000 0.00000000 9 4 11 4 4 4 4 4 210 40 5 0 0 0 0 0
24.78401756 0.45242041 72.46955109 0.95501600 0.21872100 0.20026400 0.00000000 0.00000000 0.00000000 0.00000000 0.00000000 0.00000000 0.17775810 0.82888080 0.00000000 1.00000000 0.00000000 0.00000000 1 4 3 2 4 4 4 4 196 27 20 12 0 0 0 0
22.35021210 -8.54774570 73.23213196 0.87252790 -0.41327000 0.26058200 0.00000000 0.00000000 0.00000000 0.00000000 0.00000000 0.00000000 0.14065550 0.82856999 0.00000000 1.00000000 0.00000000 0.00000000 1 4 4 4 4 4 4 4 200 55 0 0 0 0 0 0
21.91733742 9.19135189 73.35919189 0.87314390 0.41269090 0.25943400 0.00000000 0.00000000 0.00000000 0.00000000 0.00000000 0.00000000 0.21432100 0.82828210 0.00000000 1.00000000 0.00000000 0.00000000 1 4 4 4 4 4 4 4 198 57 0 0 0 0 0 0
12.26255226 -17.25615311 79.28639221 0.07562798 -0.98694570 -0.14219200 0.00000000 0.00000000 0.00000000 0.00000000 0.00000000 0.00000000 0.07745600 0.79818000 0.00000000 1.00000000 0.00000000 0.00000000 4 1 9 4 4 4 4 4 137 103 15 0 0 0 0 0
7.77648258 18.10900116 85.96916962 -0.10465200 0.91622100 -0.38676500 0.00000000 0.00000000 0.00000000 0.00000000 0.00000000 0.00000000 0.30450100 0.75939301 0.00000000 1.00000000 0.00000000 0.00000000 4 9 1 4 4 4 4 4 162 91 2 0 0 0 0 0
14.65561676 23.41370583 104.90170288 0.91702840 0.16538110 0.36291610 0.00000000 0.00000000 0.00000000 0.00000000 0.00000000 0.00000000 0.28996199 0.60811600 0.00000000 1.00000000 0.00000000 0.00000000 9 11 17 17 17 17 17 17 138 107 10 0 0 0 0 0
10.31051254 23.73640442 110.96469879 0.56175700 0.06190500 0.82498290 0.00000000 0.00000000 0.00000000 0.00000000 0.00000000 0.00000000 0.28390399 0.56568700 0.00000000 1.00000000 0.00000000 0.00000000 11 9 17 17 17 17 17 17 141 112 2 0 0 0 0 0
-0.60596532 -17.08044434 117.40280151 -0.16487800 -0.27333800 0.94768220 0.00000000 0.00000000 0.00000000 0.00000000 0.00000000 0.00000000 0.11238700 0.51827699 0.00000000 1.00000000 0.00000000 0.00000000 15 9 13 15 15 15 15 15 138 106 11 0 0 0 0 0
-1.45185339 23.70037460 115.52130127 -0.05158999 -0.01768000 0.99851190 0.00000000 0.00000000 0.00000000 0.00000000 0.00000000 0.00000000 0.27513599 0.51378399 0.00000000 1.00000000 0.00000000 0.00000000 11 9 13 17 17 17 17 17 218 31 5 1 0 0 0 0
-13.77647209 0.00001995 101.56340027 -0.99941060 0.00153300 0.03429299 0.00000000 0.00000000 0.00000000 0.00000000 0.00000000 0.00000000 0.17570300 0.41847622 0.00000000 1.00000000 0.00000000 0.00000000 9 11 15 4 15 15 15 15 236 10 7 2 0 0 0 0
-11.54968739 0.00001995 93.07807922 -0.90030000 -0.00001700 -0.43527000 0.00000000 0.00000000 0.00000000 0.00000000 0.00000000 0.00000000 0.17561580 0.37009329 0.00000000 1.00000000 0.00000000 0.00000000 9 4 15 11 15 15 15 15 204 47 2 2 0 0 0 0
-10.41845322 14.50495434 92.90807343 -0.88191820 0.18614700 -0.43309310 0.00000000 0.00000000 0.00000000 0.00000000 0.00000000 0.00000000 0.23638700 0.37058002 0.00000000 1.00000000 0.00000000 0.00000000 9 4 11 4 4 4 4 4 196 49 10 0 0 0 0 0
22.45502853 -8.75160408 105.44010162 0.86560320 -0.28372610 0.41259010 0.00000000 0.00000000 0.00000000 0.00000000 0.00000000 0.00000000 0.14178599 0.63168100 0.00000000 1.00000000 0.00000000 0.00000000 9 13 15 15 15 15 15 15 244 8 3 0 0 0 0 0
16.57668114 -8.77082253 110.17050171 0.70820810 -0.27436600 0.65051110 0.00000000 0.00000000 0.00000000 0.00000000 0.00000000 0.00000000 0.14201200 0.59359601 0.00000000 1.00000000 0.00000000 0.00000000 9 13 15 15 15 15 15 15 206 39 10 0 0 0 0 0
10.99085045 -16.23155975 75.65823364 0.14140300 -0.80157910 0.58092710 0.00000000 0.00000000 0.00000000 0.00000000 0.00000000 0.00000000 0.07934842 0.24381179 0.00000000 1.00000000 0.00000000 0.00000000 1 4 9 3 4 4 4 4 181 72 1 1 0 0 0 0
1.01006162 -12.64419651 75.73668671 -0.48904120 -0.67807720 0.54868020 0.00000000 0.00000000 0.00000000 0.00000000 0.00000000 0.00000000 0.11270960 0.24523377 0.00000000 1.00000000 0.00000000 0.00000000 1 4 3 4 4 4 4 4 205 46 4 0 0 0 0 0
11.15606880 16.48375511 75.39086151 0.14116300 0.80157500 0.58099100 0.00000000 0.00000000 0.00000000 0.00000000 0.00000000 0.00000000 0.27233660 0.24381161 0.00000000 1.00000000 0.00000000 0.00000000 1 4 2 9 4 4 4 4 183 69 2 1 0 0 0 0
1.09044564 13.06569386 75.70549774 -0.48897700 0.67809700 0.54871300 0.00000000 0.00000000 0.00000000 0.00000000 0.00000000 0.00000000 0.24219650 0.24548072 0.00000000 1.00000000 0.00000000 0.00000000 1 4 2 4 4 4 4 4 204 46 5 0 0 0 0 0
-2.95596647 0.32324442 75.64761353 -0.86580140 0.20375790 0.45702370 0.00000000 0.00000000 0.00000000 0.00000000 0.00000000 0.00000000 0.19148859 0.24363559 0.00000000 1.00000000 0.00000000 0.00000000 1 4 2 4 4 4 4 4 216 38 1 0 0 0 0 0
